00000210
00000211
00000212
00000213
00000214
00000215
00000216
00000217
00000218
00000219
00000220
00000221
00000222
00000223
00000224
00000225
00000226
00000227
00000228
00000229
00000230
00000231
00000232
00000233
00000234
00000235
00000236
00000237
00000238
00000239
00000240
00000241
00000242
00000243
00000244
00000245
00000246
00000247
00000248
00000249
00000250
00000251
00000252
00000253
00000254
00000255
00000256
00000257
00000258
00000259
00000260
00000261
00000262
00000263
00000264
00000265
00000266
00000267
00000268
00000269
00000270
00000271
00000272
00000273
00000274
00000275
00000276
00000277
00000278
00000279
