00000140
00000141
00000142
00000143
00000144
00000145
00000146
00000147
00000148
00000149
00000150
00000151
00000152
00000153
00000154
00000155
00000156
00000157
00000158
00000159
00000160
00000161
00000162
00000163
00000164
00000165
00000166
00000167
00000168
00000169
00000170
00000171
00000172
00000173
00000174
00000175
00000176
00000177
00000178
00000179
00000180
00000181
00000182
00000183
00000184
00000185
00000186
00000187
00000188
00000189
00000190
00000191
00000192
00000193
00000194
00000195
00000196
00000197
00000198
00000199
00000200
00000201
00000202
00000203
00000204
00000205
00000206
00000207
00000208
00000209
