00000070
00000071
00000072
00000073
00000074
00000075
00000076
00000077
00000078
00000079
00000080
00000081
00000082
00000083
00000084
00000085
00000086
00000087
00000088
00000089
00000090
00000091
00000092
00000093
00000094
00000095
00000096
00000097
00000098
00000099
00000100
00000101
00000102
00000103
00000104
00000105
00000106
00000107
00000108
00000109
00000110
00000111
00000112
00000113
00000114
00000115
00000116
00000117
00000118
00000119
00000120
00000121
00000122
00000123
00000124
00000125
00000126
00000127
00000128
00000129
00000130
00000131
00000132
00000133
00000134
00000135
00000136
00000137
00000138
00000139
